0,519
0,518
0,517
0,516
0,515
0,514
0,513
0,512
0,511
0,510
0,509
0,508
0,507
0,506
0,505
0,504
0,503
0,502
0,501
0,500
52,4
52,3
52,2
52,1
52,0
51,4
51,3
51,2
51,1
51,0
50,5
50,4
50,3
50,2
50,1
50,0
0,499
0,498
0,497
0,496
0,495
0,494
49,4
49,3
49,2
0,493
49,1
49,0
0,492
48,4
48,3
48,2
0,491
48,1
48,0
0,490
0,489
47,5
47,4
47,3
47,2
0,488
47,1
47,0
0,487
0,486
0,485
0,484
0,483
0,482
0,481
0,480
0,479
0,478
0,477
0,476
0,475
46,4
46,3
46,2
0,474
46,1
46,0
0,473
0,472
0,471
45,4
45,3
45,2
0,470
45,1
45,0
44,5
44,4
44,3
44,2
0,469
44,1
44,0
0,468
0,467
0,466
0,465
0,464
43,4
43,3
43,2
43,1
43,0
42,4
42,3
42,2
42,1
42,0
41,5
41,4
41,3
41,2
41,1
41,0
0,463
0,462
0,461
0,460
0,459
0,458
0,457
0,456
0,455
0,454
0,453
0,452
